1.849953342266726364e-01
1.220791156950380846e-01
1.207852838906118415e-01
1.228427198403926751e-01
9.455383371057018982e-01
9.166822346179542835e-01
3.093723097092732632e-01
9.361829995226179577e-03
2.275558606560521280e-01
1.893130717333151025e-01
1.697399275907391092e-01
1.204080287687953332e-01
8.265533095424636434e-01
9.178534967365327424e-02
8.516397133853524926e-01
3.987170085802561187e-02
2.916344819751700568e-01
1.510439882291621239e-01
2.708835861206131956e-01
6.273139793134786812e-02
1.450786931187071083e-01
2.209632023867867667e-01
1.217282313852795644e-01
4.457694378057539680e-02
2.213137550071865856e-01
2.223133604043243949e-01
3.785960665615131227e-01
9.805251746415835634e-02
9.844233719438133523e-02
1.150523491565442757e-01
4.122508265626077528e-01
5.835676367684561328e-01
7.013397266013622622e-02
1.849199343658579076e-01
7.390333552177483223e-02
2.900645570659788897e-01
3.640263855704184981e-01
2.808386181157666028e-01
1.038725376964756142e-01
1.818640961211242732e-02
2.285281410319544848e-01
6.809466511043071879e-02
2.028854519380955401e-01
3.156093257834642340e-01
8.909837322693868467e-02
2.237065378900652823e-01
2.562076751182404966e-01
3.695713842753316214e-02
1.410424753662912201e-01
1.568386889026097963e-01
9.317855752250543411e-01
7.358836239715368377e-01
7.833305532340958388e-01
8.592675204480220152e-01
5.865927227599593285e-01
8.451064948208925065e-01
9.096532642508078359e-01
6.675485726775760575e-01
6.507423244513721450e-01
9.565950930866196078e-01
8.962023757547148417e-01
4.227020741532793169e-01
9.773337770985509598e-01
6.752938631771439049e-01
5.098909783464249390e-01
9.794628853660255485e-01
9.524517944614069309e-01
8.125922120926666326e-01
9.021820083108945676e-01
4.216910686020881593e-01
6.252297762673750814e-01
4.783866352525124044e-01
3.509581964924344266e-01
9.847919194818250954e-01
2.575119949449497514e-01
8.466291331986256496e-01
8.244665104725393823e-01
7.249136104500814026e-01
8.390147466707432999e-02
7.632555597005051817e-01
7.534911261321016740e-01
8.903322705379711488e-01
8.931204495929435661e-01
9.624907496946214502e-01
7.666126822281411624e-01
9.547908337114459076e-01
9.955925620260563935e-01
4.095736105911048641e-01
9.809345619056988319e-01
8.975747110840247567e-01
7.353312153409365948e-01
4.907089544743107878e-01
5.643886821784542818e-01
8.609824534894073844e-01
2.190553041848846416e-01
9.477372882778244412e-01
8.910611593715290768e-01
6.731991935626421286e-01
8.274172562558119726e-01
9.788009695636117335e-01
