8.395923643531108538e-02
4.127482674429270304e-01
2.118104422743271598e-01
6.138616714994659523e-02
4.316264667146771372e-01
1.892556835605309074e-01
9.996471510403386329e-01
1.700233101675805436e-01
4.510953299507597380e-02
3.194426653531788340e-01
8.113762013832250819e-01
6.280084096120122639e-02
2.777022781536293561e-01
1.717346627697896866e-01
9.388537982944390459e-01
6.148211359337690807e-02
2.134257535086764856e-01
3.052321385093477724e-01
7.764681993892977863e-01
1.797199192473835916e-01
2.535049617593793658e-01
4.592842246068504219e-02
1.907908108186323615e-01
3.624226009655581171e-01
1.158864164004619057e-01
3.031929368283143300e-01
4.170663877754410831e-01
3.637072586594851387e-02
3.273340401767371038e-02
1.249461887754850509e-01
4.878001702927457772e-02
8.181586416708462595e-02
4.169712927608165698e-02
2.281174969474911718e-01
7.361958585128500765e-01
3.598748827186374344e-01
7.438407749519342083e-02
4.661270794597304756e-01
1.009602448149455461e-01
4.905102314297218880e-02
2.394336876541103554e-01
4.266551562830104838e-01
7.963092594018925108e-02
9.596506045666285123e-02
9.144087074372058144e-01
4.383934634665286739e-02
1.643804107255275593e-01
8.681223953154908191e-02
7.182873245833763798e-02
2.407163067195191020e-01
9.997969179570608267e-01
1.932329137898612104e-01
9.996727316532673102e-01
3.894809425371716372e-01
8.518348272425163570e-01
8.968108081473288307e-01
7.202688036098886526e-01
6.053437148515706800e-01
6.427836014042169754e-01
9.497292112304743794e-01
8.275752062802391729e-01
8.430941962086864194e-01
1.820341547131399396e-01
8.807306293700314370e-01
9.644584423918086680e-01
6.514062368901606392e-01
8.289129029281326888e-01
9.986068582792569925e-01
3.793491196811816235e-01
9.482509007770262288e-01
9.774239660936829832e-01
3.118119856737610052e-01
6.300739874915693983e-01
4.262028120441054835e-01
8.020859332137929565e-01
9.912832425356812305e-01
7.102165441570807980e-01
4.702095964353620317e-01
9.820112709621475755e-01
2.498713875085067371e-01
1.602608014353693322e-01
9.998601031741355394e-01
9.681678355033056516e-01
9.343393613803619990e-01
5.085324035602349912e-01
8.780004914358021662e-01
8.046763169432589180e-01
6.498020150562738850e-01
7.525075971933117280e-01
9.999454503652210891e-01
2.342792109180917293e-01
7.147115302900750589e-01
6.953285531222018756e-01
8.041822538235229301e-01
8.353995443712438629e-01
5.220591687557433191e-01
5.029753380227153237e-01
7.232943110330871672e-01
9.979438200560458716e-01
4.142514787550782840e-01
